, "Total" , "Without Children" , "With Children and Adults" , "With Only Children" , "Unknown Household Type"
"""0 - 17""",9,0,9,0,0
"""18 - 24""",5,4,1,0,0
"""25 - 34""",12,9,3,0,0
"""35 - 44""",13,11,2,0,0
"""45 - 54""",25,24,1,0,0
"""55 - 61""",23,22,1,0,0
"""62 +""",21,21,0,0,0
"""Client Doesn't Know/Client Refused""",0,0,0,0,0
"""Data Not Collected""",0,0,0,0,0
"""Total""",108,91,17,0,0
