, "Total" , "Without Children" , "With Children and Adults" , "With Only Children" , "Unknown Household Type"
"""0 - 17""",9,0,9,0,0
"""18 - 24""",7,6,1,0,0
"""25 - 34""",17,14,3,0,0
"""35 - 44""",18,16,2,0,0
"""45 - 54""",23,22,1,0,0
"""55 - 61""",23,22,1,0,0
"""62 +""",19,19,0,0,0
"""Client Doesn't Know/Client Refused""",0,0,0,0,0
"""Data Not Collected""",0,0,0,0,0
"""Total""",116,99,17,0,0
