, "Total" , "Without Children" , "With Children and Adults" , "With Only Children" , "Unknown Household Type"
"""0 - 17""",10,0,10,0,0
"""18 - 24""",6,6,0,0,0
"""25 - 34""",24,20,4,0,0
"""35 - 44""",23,21,2,0,0
"""45 - 54""",34,33,1,0,0
"""55 - 61""",29,28,1,0,0
"""62 +""",24,24,0,0,0
"""Client Doesn't Know/Client Refused""",0,0,0,0,0
"""Data Not Collected""",0,0,0,0,0
"""Total""",150,132,18,0,0
