, "Total" , "Without Children" , "With Children and Adults" , "With Only Children" , "Unknown Household Type"
"""0 - 17""",11,0,11,0,0
"""18 - 24""",5,5,0,0,0
"""25 - 34""",29,25,4,0,0
"""35 - 44""",21,19,2,0,0
"""45 - 54""",41,40,1,0,0
"""55 - 61""",32,31,1,0,0
"""62 +""",27,27,0,0,0
"""Client Doesn't Know/Client Refused""",0,0,0,0,0
"""Data Not Collected""",0,0,0,0,0
"""Total""",166,147,19,0,0
