, "Total" , "Without Children" , "With Children and Adults" , "With Only Children" , "Unknown Household Type"
"""0 - 17""",10,0,10,0,0
"""18 - 24""",8,7,1,0,0
"""25 - 34""",19,15,4,0,0
"""35 - 44""",22,19,3,0,0
"""45 - 54""",28,27,1,0,0
"""55 - 61""",22,21,1,0,0
"""62 +""",22,22,0,0,0
"""Client Doesn't Know/Client Refused""",0,0,0,0,0
"""Data Not Collected""",0,0,0,0,0
"""Total""",131,111,20,0,0
