, "Total" , "Without Children" , "With Children and Adults" , "With Only Children" , "Unknown Household Type"
"""0 - 17""",15,0,15,0,0
"""18 - 24""",4,4,0,0,0
"""25 - 34""",29,24,5,0,0
"""35 - 44""",28,24,4,0,0
"""45 - 54""",45,44,1,0,0
"""55 - 61""",25,24,1,0,0
"""62 +""",32,32,0,0,0
"""Client Doesn't Know/Client Refused""",0,0,0,0,0
"""Data Not Collected""",0,0,0,0,0
"""Total""",178,152,26,0,0
