, "Total" , "Without Children" , "With Children and Adults" , "With Only Children" , "Unknown Household Type"
"""0 - 17""",12,0,12,0,0
"""18 - 24""",5,5,0,0,0
"""25 - 34""",32,27,5,0,0
"""35 - 44""",19,16,3,0,0
"""45 - 54""",41,40,1,0,0
"""55 - 61""",29,28,1,0,0
"""62 +""",30,30,0,0,0
"""Client Doesn't Know/Client Refused""",0,0,0,0,0
"""Data Not Collected""",0,0,0,0,0
"""Total""",168,146,22,0,0
