, "Total" , "Without Children" , "With Children and Adults" , "With Only Children" , "Unknown Household Type"
"""0 - 17""",8,0,8,0,0
"""18 - 24""",5,4,1,0,0
"""25 - 34""",32,28,4,0,0
"""35 - 44""",37,35,2,0,0
"""45 - 54""",54,51,3,0,0
"""55 - 61""",45,45,0,0,0
"""62 +""",46,45,1,0,0
"""Client Doesn't Know/Client Refused""",0,0,0,0,0
"""Data Not Collected""",0,0,0,0,0
"""Total""",227,208,19,0,0
