, "Total" , "Without Children" , "With Children and Adults" , "With Only Children" , "Unknown Household Type"
"""0 - 17""",8,0,8,0,0
"""18 - 24""",6,5,1,0,0
"""25 - 34""",31,27,4,0,0
"""35 - 44""",30,28,2,0,0
"""45 - 54""",55,52,3,0,0
"""55 - 61""",39,39,0,0,0
"""62 +""",41,40,1,0,0
"""Client Doesn't Know/Client Refused""",0,0,0,0,0
"""Data Not Collected""",0,0,0,0,0
"""Total""",210,191,19,0,0
