, "Total" , "Without Children" , "With Children and Adults" , "With Only Children" , "Unknown Household Type"
"""Under 5""",43,0,43,0,0
"""5 -  12""",66,0,66,0,0
"""13 - 17""",33,0,33,0,0
"""18 - 24""",50,31,19,0,0
"""25 - 34""",98,55,43,0,0
"""35 - 44""",95,68,27,0,0
"""45 - 54""",88,76,12,0,0
"""55 - 61""",53,51,2,0,0
"""62 +""",26,26,0,0,0
"""Client Doesn't Know/Client Refused""",0,0,0,0,0
"""Data Not Collected""",0,0,0,0,0
"""Total""",552,307,245,0,0
