, "Total" , "Without Children" , "With Children and Adults" , "With Only Children" , "Unknown Household Type"
"""0 - 17""",12,0,12,0,0
"""18 - 24""",6,6,0,0,0
"""25 - 34""",35,30,5,0,0
"""35 - 44""",21,18,3,0,0
"""45 - 54""",40,39,1,0,0
"""55 - 61""",33,32,1,0,0
"""62 +""",32,32,0,0,0
"""Client Doesn't Know/Client Refused""",0,0,0,0,0
"""Data Not Collected""",0,0,0,0,0
"""Total""",179,157,22,0,0
